4087284653276798
4087288462313996
4087151648404692
4087318484421214
4087315586560442
4087315246317378
4087316731784449
4087316647511901
4087316089721727
4087315896244953
4087322348287340
4087322272376843
4087322183912736
4087300734626221
4087322003723009
4087321864902485
4087321693486931
4087320758505993
4087184665109086
4087324683601718
4086808919335858
4087146341612928
4087324826606126
4087324364736020
4087323932881950
4087326906934005
4087326399994743
4087311908006651
4087327069846556
4087327427565624
4087305352981651
4087327272393829
4087306472648396
4087327825195014
4087327955493386
4087328031175112
4086971095633942
4087328689362398
4087329213775037
4087329251255598
4087329721791501
4087255776227673
4087020899245629
4087330208441982
4086708473833590
4087331138723984
4087332020078516
4087333265253226
4087135353265581
4087333836098101
4087333965882540
4087334586942094
4087335081537871
4087335392149183
4087335492983042
4087335873934619
4087336478038107
4087337425740818
4087339712346113
4087340366876530
4087341292779989
4087341776314573
4087342194896871
4087342505605758
4087342472248355
4087342660719627
4087342790637812
4087343352405941
4087344300469741
4087344426192467
4087344417792222
4087345345030288
4087345823334120
4087345886378389
4087346317563176
4087346812970650
4087347262222624
4087347911925797
4087348339179534
4087348607646080
4087348553113807
4087348506970767
4087348674763378
4087348645852640
4087348759151992
4087348998553426
4087348934840752
4087349182875057
4087350508758216
4087350885170495
4087350806149037
4087351359845051
4086678572993612
4087114084154895
4087353335747838
4087354165420087
4087355218316198
4087355797006908
4086411995300076
4087357332963280
4087358188423480
4087019154064060
4087359534387508
4087359953699785
4087359904041090
4087359865733525
4087360192724225
4087361132751175
4087361312742154
4087362336617621
4087363477391400
4087363590602808
4087363862832986
4087365046232980
4087365183738331
4087365998237663
4087365893022509
4087366237144947
4087366295979198
4087366564456352
4087366651893150
4087367167535919
4087367423507839
4087367873170264
4087367893994911
4087171416228305
4087368317408575
4087370162497641
4087370149900483
4087371589439843
4087372418964465
4087372725880487
4087372951610332
4087373237359140
4087373530946611
4087373879166990
4087373874536822
4087374260730941
4087374567182187
4087374847917934
4087375221431036
4087375937971546
4087375955716673
4087376521884275
4087376450120414
4087379268791281
4087380555636173
4087381151616833
4087381352636762
4087381847985725
4087381789451701
4087382027991224
4087381991161985
4087382149639043
4087382254881207
4087382187559021
4087382313842134
4087382288365874
4087382489412892
4087382486132951
4087382602876847
4087382544945252
4087382694693321
4087383009896732
4087382930011497
4087383328546422
4087383513091767
4087383567903716
4087383941007944
4087384322445511
4087384519599698
4087384842397643
4087384931112228
4087385064826042
4087385391646523
4087385690052044
4087385938005833
4087385937206768
4087386101597565
4087386252082740
4087386201593642
4087386633795165
4087386524542422
4087386742482479
4087386713336022
4087386830439714
4087386793156618
4087386973285211
4087386914472631
4087386907014025
4087387140852116
4087387086444369
4087388495494706
4087388885845301
4087388902384467
4087389175518171
4087389405887770
4087389355852861
4087389758112099
4087389732943477
4086823841855223
4087390345479715
4087390517094414
4087032601527847
4087391519634419
4087392149299365
4087392974943745
4086803894414466
4087394028095452
4087398369779427
4087400802295742
4087400781298894
4087402178496190
4087403914874144
4087405428665012
4087406333841478
4087406414327796
4087409673024823
4087411350645825
4087413519876355
4087414178077155
4087414630791741
4087414534166783
4087414907489674
4087314412446533
4087415792502686
4087415918693440
4087416350843632
4087417130384429
4087417046807849
4087419161276457
4087419190140651
4087420037073790
4087419953798096
4087421132122245
4087421107169831
4087421299948185
4087421249521879
4087421237267258
4087421559419903
4087421685796214
4087421627470789
4087421740198614
4087421898935310
4087421841044675
4086550285243245
4087423199315345
4087423422462161
4087423669807180
4087424437508241
4087426995406062
4087427331544803
4087428132809520
4087429587859625
4087430733320466
4087431554577424
4087433500972338
4087437536034247
4087326936471157
4087439892738158
4087440304644217
4087440547833251
4087442715547439
4087445400113177
4087446524671626
4087120236410864
4087280069578529
4087454225644199
4087455378567833
4087455496022281
4087456373014519
4087456888675348
4087457824218170
4087458473781807
4087458667238093
4087459195030397
4087460163827936
4087460571614536
4087461074417977
4087461468424166
4087461976249784
4087463741290340
4087464992249759
4087465725845102
4087466065404243
4087466929874006
4087467328004922
4087467801658669
4087467928201340
4087468220842980
4087468468338491
4087469324536618
4087470519603896
4087471267075247
4087471714870439
4087472587864000
4087472931408402
4087473170354074
4087473703184259
4087475595543664
4087476064807180
4087476794469657
4087477667271473
4086975885428007
4087478480397481
4087478913217806
4087479642891198
4087480439853475
4087481064887632
4087481312040508
4087481459027902
4087481961308066
4087485019593330
4087484939505104
4087485140951971
4087485087311445
4087485519206273
4087485430369061
4087485577370840
4087486659017047
4087487019964606
4087487116740160
4087487218000588
4087144328750425
4086987860061707
4087489289747415
4087489444815132
4087489406638927
4087489365490286
4087490736715440
4087491323505623
4087491575044149
4087491693196889
4087492342670518
4087492975845123
4087493009672695
4087493157186558
4087493114153229
4087493378448833
4086787711802277
4087493823651859
4087494133951242
4087494478294948
4087494464934233
4087495056540826
4087495232356335
4087495353965119
4087495308560121
4087495669425552
4087496109059359
4087496701297073
4087497133266185
4087497195371303
4087497418174561
4087497774477690
4087497971452059
4087497921031814
4087498059844543
4087498206467983
4087498668374610
4087499007333797
4087499221507444
4087499565187619
4087499850418340
4087500324194463
4087501956605867
4087502120274971
4087502647946067
4087503193855450
4087503880745135
4087504422510943
4087504515231751
4087504690900173
4087505575502500
4087505852559520
4087506003668032
4087507261387773
4087507836475276
4087509203937559
4087509425751323
4087509493540999
4086983435640154
4087510290380916
4087510705205035
4087510814189542
4087510751424793
4087510890225007
4086938711244073
4087510999541939
4087510995075631
4087511196863949
4087511129368058
4087511267863468
4086939860430566
4087513238596879
4087513494641956
4087513817158080
4087513905874848
4087514723493620
4087515600208886
4087515571465234
4087515835725297
4087516422422662
4087516594415329
4087516544126043
4087516812661790
4087517022527801
4087517462317022
4087518469733726
4087519496648529
4087520361411207
4087521438088946
4087521581073169
4087521904880432
4087521824840384
4087522676054917
4087523028818571
4087522990480335
4087523057806338
4087523216460892
4087523196620891
4087523497517888
4087523447572886
4087523678341182
4087523640143612
4087523573329099
4087523716241652
4087523686844582
4087523812132952
4087524022210492
4087523942173858
4087524169327697
4087524391296124
4087524613629348
4087525095759719
4087525318146444
4087526354562964
4087526627047227
4087528070505850
4087527230487717
4087527738306824
4087527478227636
4087527234683134
4087528329582878
4087528582066753
4087528502141395
4087528837133284
4087528699041057
4087529119040396
4087529265475807
4087529051858170
4087528992689545
4087530011258840
4087530217885382
4087530154247698
4087530259874405
4087530523206320
4087530837681836
4087532352476100
4087532318696311
4086968877005346
4087020043059358
4087027899048012
4086965437228261
4086966939612871
4086779512898009
4086800635643778
4087534089278132
4087534794037428
4087535464748930
4087534949101375
4086398560463596
4087546105394974
4087561754760659
4087563419159795
4087563700659976
4087564048665894
4087564988568084
4087565273855992
4087565596954255
4087567039315977
4087309529607707
4087570180133472
4087571006878463
4087571253999395
4087571694433142
4087572327784080
4087573623845823
4087575154529582
4087588526847244
4087587696179761
4087587444449867
4087592234837293
4087593538582864
4087592624730971
4087589831457021
