4087284653276798
4087288462313996
4087151648404692
4087318484421214
4087315586560442
4087315246317378
4087316731784449
4087316647511901
4087316089721727
4087315896244953
4087322348287340
4087322272376843
4087322183912736
4087300734626221
4087322003723009
4087321864902485
4087321693486931
4087320758505993
4087184665109086
4087324683601718
4086808919335858
4087146341612928
4087324826606126
4087324364736020
4087323932881950
4087326906934005
4087326399994743
4087311908006651
4087327069846556
4087327427565624
4087305352981651
4087327272393829
4087306472648396
4087327825195014
4087327955493386
4087328031175112
4086971095633942
4087328689362398
4087329213775037
4087329251255598
4087329721791501
4087255776227673
4087020899245629
4087330208441982
4086708473833590
4087331138723984
4087332020078516
4087333265253226
4087135353265581
4087333836098101
4087333965882540
4087334586942094
4087335081537871
4087335392149183
4087335492983042
4087335873934619
4087336478038107
4087337425740818
4087339712346113
4087340366876530
4087341292779989
4087341776314573
4087342194896871
4087342505605758
4087342472248355
4087342660719627
4087342790637812
4087343352405941
4087344300469741
4087344426192467
4087344417792222
4087345345030288
4087345823334120
4087345886378389
4087346317563176
4087346812970650
4087347262222624
4087347911925797
4087348339179534
4087348607646080
4087348553113807
4087348506970767
4087348674763378
4087348645852640
4087348759151992
4087348998553426
4087348934840752
4087349182875057
4087350508758216
4087350885170495
4087350806149037
4087351359845051
4086678572993612
4087114084154895
4087353335747838
4087354165420087
4087355218316198
4087355797006908
4086411995300076
4087357332963280
4087358188423480
4087019154064060
4087359534387508
4087359953699785
4087359904041090
4087359865733525
4087360192724225
4087361132751175
4087361312742154
4087362336617621
4087363477391400
4087363590602808
4087363862832986
4087365046232980
4087365183738331
4087365998237663
4087365893022509
4087366237144947
4087366295979198
4087366564456352
4087366651893150
4087367167535919
4087367423507839
4087367873170264
4087367893994911
4087171416228305
4087368317408575
4087370162497641
4087370149900483
4087371589439843
4087372418964465
4087372725880487
4087372951610332
4087373237359140
4087373530946611
4087373879166990
4087373874536822
4087374260730941
4087374567182187
4087374847917934
4087375221431036
4087375937971546
4087375955716673
4087376521884275
4087376450120414
4087379268791281
4087380555636173
4087381151616833
4087381352636762
4087381847985725
4087381789451701
4087382027991224
4087381991161985
4087382149639043
4087382254881207
4087382187559021
4087382313842134
4087382288365874
4087382489412892
4087382486132951
4087382602876847
4087382544945252
4087382694693321
4087383009896732
4087382930011497
4087383328546422
4087383513091767
4087383567903716
4087383941007944
4087384322445511
4087384519599698
4087384842397643
4087384931112228
4087385064826042
4087385391646523
4087385690052044
4087385938005833
4087385937206768
4087386101597565
4087386252082740
4087386201593642
4087386633795165
4087386524542422
4087386742482479
4087386713336022
4087386830439714
4087386793156618
4087386973285211
4087386914472631
4087386907014025
4087387140852116
4087387086444369
4087388495494706
4087388885845301
4087388902384467
4087389175518171
4087389405887770
4087389355852861
4087389758112099
4087389732943477
4086823841855223
4087390345479715
4087390517094414
4087032601527847
4087391519634419
4087392149299365
4087392974943745
4086803894414466
4087394028095452
4087398369779427
4087400802295742
4087400781298894
4087402178496190
4087403914874144
4087405428665012
4087406333841478
4087406414327796
4087409673024823
4087411350645825
4087413519876355
4087414178077155
4087414630791741
4087414534166783
4087414907489674
4087314412446533
4087415792502686
4087415918693440
4087416350843632
4087417130384429
4087417046807849
4087419161276457
4087419190140651
4087420037073790
4087419953798096
4087421132122245
4087421107169831
4087421299948185
4087421249521879
4087421237267258
4087421559419903
4087421685796214
4087421627470789
4087421740198614
4087421898935310
4087421841044675
4086550285243245
4087423199315345
4087423422462161
4087423669807180
4087424437508241
4087426995406062
4087427331544803
4087428132809520
4087429587859625
4087430733320466
4087431554577424
4087433500972338
4087437536034247
4087326936471157
4087439892738158
4087440304644217
4087440547833251
4087442715547439
4087445400113177
4087446524671626
4087120236410864
4087280069578529
4087454225644199
4087455378567833
4087455496022281
4087456373014519
4087456888675348
4087457824218170
4087458473781807
4087458667238093
4087459195030397
4087460163827936
4087460571614536
4087461074417977
4087461468424166
4087461976249784
4087463741290340
4087464992249759
4087465725845102
4087466065404243
4087466929874006
4087467328004922
4087467801658669
4087467928201340
4087468220842980
4087468468338491
4087469324536618
4087470519603896
4087471267075247
4087471714870439
4087472587864000
4087472931408402
4087473170354074
4087473703184259
4087475595543664
4087476064807180
4087476794469657
4087477667271473
4086975885428007
4087478480397481
4087478913217806
4087479642891198
4087480439853475
4087481064887632
4087481312040508
4087481459027902
4087481961308066
4087485019593330
4087484939505104
4087485140951971
4087485087311445
4087485519206273
4087485430369061
4087485577370840
4087486659017047
4087487019964606
4087487116740160
4087487218000588
4087144328750425
4086987860061707
4087489289747415
4087489444815132
4087489406638927
4087489365490286
4087490736715440
4087491323505623
4087491575044149
4087491693196889
4087492342670518
4087492975845123
4087493009672695
4087493157186558
4087493114153229
4087493378448833
4086787711802277
4087493823651859
4087494133951242
4087494478294948
4087494464934233
4087495056540826
4087495232356335
4087495353965119
4087495308560121
4087495669425552
4087496109059359
4087496701297073
4087497133266185
4087497195371303
4087497418174561
4087497774477690
4087497971452059
4087497921031814
4087498059844543
4087498206467983
4087498668374610
4087499007333797
4087499221507444
4087499565187619
4087499850418340
4087500324194463
4087501956605867
4087502120274971
4087502647946067
4087503193855450
4087503880745135
4087504422510943
4087504515231751
4087504690900173
4087505575502500
4087505852559520
4087506003668032
4087507261387773
4087507836475276
4087509203937559
4087509425751323
4087509493540999
4086983435640154
4087510290380916
4087510705205035
4087510814189542
4087510751424793
4087510890225007
4086938711244073
4087510999541939
4087510995075631
4087511196863949
4087511129368058
4087511267863468
4086939860430566
4087513238596879
4087513494641956
4087513817158080
4087513905874848
4087514723493620
4087515600208886
4087515571465234
4087515835725297
4087516422422662
4087516594415329
4087516544126043
4087516812661790
4087517022527801
4087517462317022
4087518469733726
4087519496648529
4087520361411207
4087521438088946
4087521581073169
4087521904880432
4087521824840384
4087522676054917
4087523028818571
4087522990480335
4087523057806338
4087523216460892
4087523196620891
4087523497517888
4087523447572886
4087523678341182
4087523640143612
4087523573329099
4087523716241652
4087523686844582
4087523812132952
4087524022210492
4087523942173858
4087524169327697
4087524391296124
4087524613629348
4087525095759719
4087525318146444
4087526354562964
4087526627047227
4087528070505850
4087527230487717
4087527738306824
4087527478227636
4087527234683134
4087528329582878
4087528582066753
4087528502141395
4087528837133284
4087528699041057
4087529119040396
4087529265475807
4087529051858170
4087528992689545
4087530011258840
4087530217885382
4087530154247698
4087530259874405
4087530523206320
4087530837681836
4087532352476100
4087532318696311
4086968877005346
4087020043059358
4087027899048012
4086965437228261
4086966939612871
4086779512898009
4086800635643778
4087534089278132
4087534794037428
4087535464748930
4087534949101375
4086398560463596
4087546105394974
4087561754760659
4087563419159795
4087563700659976
4087564048665894
4087564988568084
4087565273855992
4087565596954255
4087567039315977
4087309529607707
4087570180133472
4087571006878463
4087571253999395
4087571694433142
4087572327784080
4087573623845823
4087575154529582
4087588526847244
4087587696179761
4087587444449867
4087592234837293
4087593538582864
4087592624730971
4087589831457021
4087603790209008
4087617224651579
4087618754940012
4087619082745124
4087621208729862
4087622743493391
4087623893316849
4087624652065083
4087627160061264
4087631824175975
4087636841410177
4087637788573011
4087640330576668
4087644159932762
4087645179355280
4087646018026683
4087646198434253
4087646269810418
4087646626448270
4087647108231059
4087647515635750
4087649700159659
4087649776125383
4087649914653094
4087650120541715
4087652888465524
4087654071335155
4087655014427364
4087655979285921
4087660534549595
4087662035464654
4087661981428787
4087662170738950
4087662664885485
4087662837576668
4087664162318985
4087666204734072
4087673095854468
4087674907707413
4087675088707223
4087675542104948
4087675520742433
4087675647136021
4087676540396560
4087679488865312
4087680256144966
4087681082524568
4087685008279679
4087685980930838
4087688439340387
4087690284017471
4087690397276307
4087690502144890
4087690703492566
4087690964657443
4087691924369248
4087692763787761
4087695314027621
4087696069208130
4087696769469361
4087697906023007
4087699868546457
4087700505849217
4087701063630507
4087701739721588
4087701949241325
4087702426976810
4087702603607478
4087702700231125
4087703332740470
4087703676838009
4087704189400654
4087704717429083
4087705924609780
4087706735113487
4087707137935929
4087707992591945
4087709368220720
4087709976909879
4087711386692747
4087712955249410
4087713075875818
4087713403830164
4087715392267393
4086808285564172
4087718688455585
4087719020256795
4087719850190985
4087720089070919
4087724124805895
4087724996059224
4087729040285728
4087730726328183
4087730956353907
4087730948944500
4087731720124899
4087740520371397
4087741048520807
4087741698682939
4087742746747629
4087743250466991
4087744798332507
4087745141684290
4087748484526684
4087750993607502
4087753127538487
4087753127341856
4087753413424084
4087760552146762
4087761202388618
4087761893799946
4087762707833815
4087768109931879
4087769016222485
4087775638857327
4087776687287736
4087777982916458
4087778096639360
4087778273289952
4087779627695712
4087780072604783
4087780998410440
4087785742892846
4087125282995927
4087786678699969
4087790201438187
4087793121158713
4087793569513824
4087796429565030
4087802939425515
4087806702160632
4087807137708761
4087809239035280
4087810228762235
4087810350573064
4087813387559038
4087813790377483
4087814238746097
4087814742246219
4087816012678174
4087817313784172
4087823273060340
4087824732899335
4087825122583301
4087829996873556
4087832476267266
4087834388427001
4087835097094617
4087835705936805
4087835931732585
4087841003343577
4087841212053286
4087841766180706
4087841753571542
4087842080145984
4087842042782692
4087841954549103
4087842260712748
4087842223319004
4087842159850173
4087842412105994
4087842377985781
4087842932009187
4087843704213869
4087844391822734
4087844383125725
4087844668967781
4087844622427749
4087848384866053
4087849298568202
4087851157760247
4087851635610048
4087852327620292
4087854378040541
4087854797451482
4087855381392744
4087855913922490
4087857063253942
4087857448429431
4087857775443685
4087858493245790
4087858627140753
4087858866407456
4087858937812931
4087859071803980
4087859696654350
4087860296393843
4087860833047446
4086643042511227
4087861198179352
4087861484069303
4087861655898056
4087861916031843
4087862335171328
4087862599496583
4087862985455665
4087863274730716
4087863639109903
4087863722796325
4087864013199691
4087864242980834
4087864390047340
4087865308986248
4087865199314739
4087865652406700
4087865912443671
4087866395286833
4087866361955010
4087866647014549
4087866998732836
4087867145551006
4087867296791905
4087867846191347
4087868047411091
4087867997473951
4087869074640448
4087869302329603
4087870170464314
4087870581206627
4087871378513773
4087089681369082
4087872258332212
4087872447875593
4087873035045488
4087873756074228
4087874171943902
4087875437637079
4087876230982104
4087876456654163
4087877526653241
4087877790645163
4087878096892866
4087878495189288
4087878651320457
4087879087005958
4087880005287377
4087880777073544
4087881146808322
4087186028693762
4087881998358934
4087882254229187
4087882195651221
4087882564717557
4087882631552215
4087883394863660
4087883847670796
4087884052982390
4087884288162706
4087884384084953
4087884539258798
4087885080568778
4087884962819979
4087885404086286
4087885810688276
4087886489845662
4087886485647686
4087886955147252
4087887035028180
4087887005991690
4087887647902925
4087888456686375
4087888368589930
4087888738523075
4087888809526284
4087888800857093
4087889694383267
4087890726877150
4087891199996395
4087891464743862
4087891455391408
4087891530904502
4087891744856782
4087891661512226
4087891653109612
4087892261119070
4087892777407204
4087893024561698
4087893394339732
4087893401962361
4087893720846123
4087894069689464
4087894165636072
4087894811449848
4087895138150165
4087895092513048
4087895045858903
4087895381735040
4087895322732850
4087895448583880
4087895541234940
4087896262415322
4087896468386516
4087897500223219
4087897449490129
4087898267131683
4087898321666280
4087900801481227
4087903145791617
4087904256667681
4087906123250164
4087906757015194
4087907444879046
4087907973472533
4087908400691362
4087908761814005
4087909185625917
4087909415780767
4087909709291731
4087910012247261
4087910284001311
4087910422974508
4087920006348373
4087922589893360
4087924255200893
4087926176264545
4087928823135242
4087933378156934
4087934577347242
4087938536686562
4087941352097424
4087941611570658
4087942609826435
4087942827986917
4087953192593349
4087976692697310
4087977816256231
4087978689437273
4087985631227659
4087988298477556
4087989754130383
4087991733505344
4087992966656517
4087996477382700
4087996414243318
4087996796421701
4087996787352073
4087998834886190
4088003112339076
4088003665851560
4088005830430153
4088006808274311
4088008082907730
4088008234004860
4088010243479657
4088011119223530
4088011484134950
4088011614956373
4088012088043202
4088014403148294
4088017007808917
4088017340277516
4088017897348944
4088022384939575
4088029033709718
4088029629271500
4088029947685827
4088030325619055
4088031813711856
4088034838531270
4088037024172703
4088041171531018
4086620657357463
4088042191296232
4088042442700912
4088044132464162
4088045676235796
4088051648721518
4088056380111487
4088056829496041
4086647685858278
4088057030372962
4088056966981344
4088058519427383
4088058879556916
4088059656035561
4088068556634875
4088071211510286
4088075623948715
4088076705672517
4088077675119395
4088077590814207
4088078388219694
4088079545087855
4088082372278234
4088082585899032
4088084398017797
4088091473708912
4088091952637229
4088092321221399
4088092934234516
4088092954928802
4088095089773153
4086619520640327
4086813792264727
4088102978450241
4088106754394162
4088106929884653
4088112274204506
4088115012069232
4088117915118393
4086781852631028
4088124113493488
4088129281184020
4088131659072250
4088137146257110
4088137472614471
4088137867339136
4088143323877315
4088144313630682
4088146205399252
4088148634379525
4088150484184618
4088150630453408
4088156926013119
4088160335935779
4088161715469780
4088166857783935
4088169600989910
4088172457762504
4088174836157784
4088181425256586
4088184541228884
4088185305194648
4088186043439005
4088186952919914
4088189557759106
4088190594361247
4088194091556880
4088196201233012
4088196625239042
4088197325696326
4088197514230488
4088198210452150
4088201226204070
4088201817990358
4088202610470489
4088203105583608
4088203944180171
4088203886032121
4088207581334226
4088209283645327
4088212412077355
4088212558901267
4088214664709386
4088215486479066
4088215839521749
4088217952617058
4088218578439814
4088218717146543
4088218889177330
4088219186464456
4088219249224105
4088219404771071
4088219861573984
4088220008625599
4088220129734668
4088220256524001
4088221208171322
4088221934083111
4088221871305448
4088222005516600
4088222206359147
4088222130548558
4088222273941957
4088222613547773
4088222747758225
4088222970217534
4088223074687702
4088223209228121
4088223401732950
4088223481867877
4088223691209336
4088223850177135
4088224215976585
4088224475547052
4088224634399956
4088224845027571
4088224941309005
4088225016576073
4088225142544654
4088225259967907
4088225553466233
4088225926554453
4088225893263048
4088226300477368
4088227754937286
4088228468709212
4088228879790441
4088229697002992
4088230104717043
4088230158385099
4088231584950320
4088232247879990
4088232352139235
4088232813879737
4088234063994086
4088235473450154
4088236739312584
4088236643137681
4088236928338710
4088236915853926
4088237934815495
4088237913803415
4088238887462997
4088239617163867
4088239612709772
4088241835509398
4088242422648842
4088242795784421
4088244532804717
4088244972546535
4088245061050447
4088245346373458
4088245618644846
4088246957160519
4088247388331881
4088248596212967
4088248701900994
4088248864688516
4088248982329155
4088250447125687
4088250672991862
4088250920134625
4088251050324488
4088251260033834
4088252535119911
4088252791345909
4088253265149695
4088253495410508
4088253977751091
4088254984245624
4088255668235145
4088256020156571
4088257182469563
4088259556806107
4088261825005031
4088267522145909
4088268427715271
4088270315109845
4088270797090586
4088271208121011
4088271259263725
4088271556371625
4088272869049229
4088274589014670
4088274928296454
4088275276612569
4088276291641413
4088276464204375
4088277113618028
4088284223849316
4088299838561937
4088342293539013
4088347569512218
4088347700436785
4088348413165026
4088349075324524
4088349591465629
4088351323560644
4088351676300724
4088353756289032
4088355283290622
4088356990709323
4088357069904238
4088358140052812
4088361897271453
4088361847746519
4088367283588953
4088369098934793
4088373779389681
4088375851571730
4086657609510371
4088378192374404
4088378389983021
4088378750129253
4088379316957662
4088379396067477
4088379891128757
4088380222213417
4088381082459951
4088381128393201
4088383146117236
4088385260224128
4088385401910897
4088386396982959
4088387923297727
4088388183874888
4088388619336860
4088389764976875
4088389709696164
4088391337228664
4088392268260139
4088393892302728
4088395820707104
4088396471507845
4088397532935963
4086569482650272
4088398056568946
4088398585594124
4088402380936438
4088401717995742
4088401697917868
4088401676507303
4088403852550570
4088405480915397
4088405836934809
4088409326610284
4088409301416580
4088405480915397
4088378192374404
4088410023572492
4088409490747276
4088409301416580
4088409326610284
4088408681106879
4088355283290622
