3244427892
3579383827
3962400683
3836860037
3706374493
1864169651
1694458010
2635323805
1897501210
3621325650
1666822357
6034548739
1614254207
2262054502
2924670213
1728407504
5836263351
5590403778
1161555735
2822753454
3885433283
3221911692
3772074765
2744288277
5484343719
5780073210
1761016651
3965300751
2299469084
5395106561
2164475801
5112278798
5220354629
5558255358
3809798462
2864426330
5575885410
5652471901
1793286920
1908559383
2317825407
2885493124
5595559652
1956608070
6081084689
6031885710
3295042511
5062738205
1221446607
3149769422
2121621590
1768347003
3654887551
5405287042
3206276500
5512950325
3196841861
5838039614
3809558945
5512278511
3289555477
5494700843
5902227231
3236427052
3316056771
3195819903
1953504063
1607106054
5480879600
2534727194
5477278220
6079158574
5245504267
5984330152
1922185865
3304955705
2518994064
2824912580
1796480333
5470737937
5494666385
6039883271
5586754254
3065202481
5519135933
3109154135
5587587234
5713605223
5365402670
5462440469
5773640565
1444340494
5774121903
3623118681
1724544125
2935922791
5949106582
3612582551
1747987974
1087592384
5514854597
5629711592
3598164305
5642223155
2088981191
2441979191
5510936328
2658482747
2833106907
6150673326
5239822435
5490058189
2997537672
3873758636
5483548318
2879493431
2488077453
3982648705
5099651196
